{
 "cells": [
  {
   "cell_type": "code",
   "execution_count": 38,
   "id": "c8fab7d1",
   "metadata": {},
   "outputs": [],
   "source": [
    "\n",
    "import matplotlib as mpl\n",
    "import pennylane as qml\n",
    "from q_kernels import *\n",
    "from exp_utils import *\n",
    "from qml_utils import *\n",
    "from math_utils import *\n",
    "from pennylane import numpy as np\n",
    "\n",
    "np.random.seed(1359)"
   ]
  },
  {
   "cell_type": "code",
   "execution_count": 58,
   "id": "c09d011d",
   "metadata": {},
   "outputs": [],
   "source": [
    "def qaoa_kernel(x,y,qubits,weights, n_repeats = 1):\n",
    "    P = projector(qubits)\n",
    "    QAOAEmbedding(x,weights, wires= range(qubits))\n",
    "    qml.adjoint(QAOAEmbedding)(y,weights, wires = range(qubits))\n",
    "    return qml.expval(qml.Hermitian(P,wires = range(qubits)))\n",
    "\n",
    "\n",
    "\n",
    "def qaoa_kernel_element(x, y, quantum_node, params):\n",
    "    return quantum_node(x, y, len(quantum_node.device.wires), params, n_repeats= 1)\n",
    "\n",
    "\n",
    "def trainable_kernel(X, params):\n",
    "    n_qubits = 2\n",
    "    # L = 2\n",
    "    # weights = np.random.rand(L, 3, requires_grad = True)\n",
    "    node = device_wrapper(n_qubits, qaoa_kernel)\n",
    "    K= quantum_kernel_matrix(X, node, weights = params)\n",
    "    return K\n",
    "\n",
    "\n",
    "def _make_circular_data(num_sectors):\n",
    "    \"\"\"Generate datapoints arranged in an even circle.\"\"\"\n",
    "    center_indices = np.array(range(0, num_sectors))\n",
    "    sector_angle = 2 * np.pi / num_sectors\n",
    "    angles = (center_indices + 0.5) * sector_angle\n",
    "    x = 0.7 * np.cos(angles)\n",
    "    y = 0.7 * np.sin(angles)\n",
    "    labels = 2 * np.remainder(np.floor_divide(angles, sector_angle), 2) - 1\n",
    "\n",
    "    return x, y, labels\n",
    "\n",
    "\n",
    "def make_double_cake_data(num_sectors):\n",
    "    x1, y1, labels1 = _make_circular_data(num_sectors)\n",
    "    x2, y2, labels2 = _make_circular_data(num_sectors)\n",
    "\n",
    "    # x and y coordinates of the datapoints\n",
    "    x = np.hstack([x1, 0.5 * x2])\n",
    "    y = np.hstack([y1, 0.5 * y2])\n",
    "\n",
    "    # Canonical form of dataset\n",
    "    X = np.vstack([x, y]).T\n",
    "\n",
    "    labels = np.hstack([labels1, -1 * labels2])\n",
    "\n",
    "    # Canonical form of labels\n",
    "    Y = labels.astype(int)\n",
    "\n",
    "    return X, Y"
   ]
  },
  {
   "cell_type": "code",
   "execution_count": 76,
   "id": "a88518ad",
   "metadata": {},
   "outputs": [],
   "source": [
    "import pennylane as qml\n",
    "\n",
    "def layer(x, params, wires, i0=0, inc=1):\n",
    "    \"\"\"Building block of the embedding ansatz\"\"\"\n",
    "    i = i0\n",
    "    for j, wire in enumerate(wires):\n",
    "        qml.Hadamard(wires=[wire])\n",
    "        qml.RZ(x[i % len(x)], wires=[wire])\n",
    "        i += inc\n",
    "        qml.RY(params[0, j], wires=[wire])\n",
    "\n",
    "    qml.broadcast(unitary=qml.CRZ, pattern=\"ring\", wires=wires, parameters=params[1])\n",
    "    \n",
    "def ansatz(x, params, wires):\n",
    "    \"\"\"The embedding ansatz\"\"\"\n",
    "    for j, layer_params in enumerate(params):\n",
    "        layer(x, layer_params, wires, i0=j * len(wires))\n",
    "\n",
    "\n",
    "adjoint_ansatz = qml.adjoint(ansatz)\n",
    "\n",
    "\n",
    "def random_params(num_wires, num_layers):\n",
    "    \"\"\"Generate random variational parameters in the shape for the ansatz.\"\"\"\n",
    "    return np.random.uniform(0, 2 * np.pi, (num_layers, 2, num_wires), requires_grad=True)\n",
    "\n",
    "dev = qml.device(\"default.qubit\", wires=5, shots=None)\n",
    "wires = dev.wires.tolist()\n",
    "\n",
    "@qml.qnode(dev)\n",
    "def kernel_circuit(x1, x2, params):\n",
    "    ansatz(x1, params, wires=wires)\n",
    "    adjoint_ansatz(x2, params, wires=wires)\n",
    "    return qml.probs(wires=wires)\n",
    "\n",
    "def kernel(x1, x2, params):\n",
    "    return kernel_circuit(x1, x2, params)[0]"
   ]
  },
  {
   "cell_type": "code",
   "execution_count": 101,
   "id": "ac8430dc",
   "metadata": {},
   "outputs": [
    {
     "name": "stdout",
     "output_type": "stream",
     "text": [
      "The kernel value between the first and second datapoint is 0.962\n",
      "[[1.    0.962 0.794 0.846 0.822 0.79  0.985 0.874 0.977 0.947 0.844 0.986\n",
      "  0.968 0.983 0.977 0.902 0.947 0.873 0.99  0.907 0.866 0.842 0.965 0.923\n",
      "  0.925 0.822 0.983 0.91  0.986 0.905]\n",
      " [0.962 1.    0.92  0.895 0.927 0.917 0.985 0.971 0.984 0.967 0.889 0.981\n",
      "  0.94  0.985 0.981 0.919 0.971 0.971 0.978 0.98  0.967 0.894 0.94  0.969\n",
      "  0.966 0.87  0.981 0.981 0.979 0.981]\n",
      " [0.794 0.92  1.    0.886 0.983 1.    0.867 0.982 0.879 0.845 0.875 0.837\n",
      "  0.806 0.87  0.873 0.857 0.855 0.982 0.828 0.968 0.983 0.889 0.811 0.928\n",
      "  0.919 0.867 0.864 0.965 0.833 0.97 ]\n",
      " [0.846 0.895 0.886 1.    0.953 0.894 0.918 0.878 0.933 0.766 1.    0.823\n",
      "  0.932 0.922 0.935 0.989 0.775 0.878 0.823 0.946 0.871 1.    0.938 0.976\n",
      "  0.978 0.998 0.924 0.948 0.817 0.942]\n",
      " [0.822 0.927 0.983 0.953 1.    0.987 0.9   0.963 0.914 0.824 0.945 0.842\n",
      "  0.865 0.904 0.912 0.925 0.834 0.963 0.835 0.982 0.961 0.955 0.871 0.968\n",
      "  0.962 0.941 0.901 0.981 0.836 0.982]\n",
      " [0.79  0.917 1.    0.894 0.987 1.    0.866 0.978 0.878 0.835 0.883 0.831\n",
      "  0.808 0.869 0.873 0.863 0.845 0.979 0.821 0.968 0.979 0.897 0.813 0.931\n",
      "  0.922 0.876 0.863 0.965 0.826 0.97 ]\n",
      " [0.985 0.985 0.867 0.918 0.9   0.866 1.    0.924 0.999 0.935 0.916 0.976\n",
      "  0.984 1.    0.999 0.954 0.938 0.923 0.977 0.961 0.916 0.915 0.983 0.975\n",
      "  0.976 0.897 1.    0.964 0.973 0.959]\n",
      " [0.874 0.971 0.982 0.878 0.963 0.978 0.924 1.    0.928 0.927 0.868 0.918\n",
      "  0.858 0.925 0.923 0.873 0.934 1.    0.91  0.983 1.    0.879 0.861 0.947\n",
      "  0.939 0.854 0.918 0.981 0.915 0.986]\n",
      " [0.977 0.984 0.879 0.933 0.914 0.878 0.999 0.928 1.    0.925 0.931 0.967\n",
      "  0.985 0.999 1.    0.965 0.929 0.927 0.967 0.968 0.921 0.931 0.985 0.983\n",
      "  0.984 0.914 0.999 0.971 0.964 0.966]\n",
      " [0.947 0.967 0.845 0.766 0.824 0.835 0.935 0.927 0.925 1.    0.759 0.986\n",
      "  0.866 0.933 0.92  0.806 1.    0.926 0.982 0.906 0.925 0.764 0.863 0.878\n",
      "  0.873 0.734 0.926 0.906 0.987 0.909]\n",
      " [0.844 0.889 0.875 1.    0.945 0.883 0.916 0.868 0.931 0.759 1.    0.819\n",
      "  0.933 0.919 0.933 0.99  0.767 0.867 0.818 0.939 0.86  0.999 0.94  0.973\n",
      "  0.975 0.999 0.923 0.941 0.812 0.935]\n",
      " [0.986 0.981 0.837 0.823 0.842 0.831 0.976 0.918 0.967 0.986 0.819 1.\n",
      "  0.931 0.974 0.964 0.87  0.986 0.917 1.    0.924 0.913 0.821 0.928 0.918\n",
      "  0.917 0.795 0.97  0.926 1.    0.925]\n",
      " [0.968 0.94  0.806 0.932 0.865 0.808 0.984 0.858 0.985 0.866 0.933 0.931\n",
      "  1.    0.984 0.988 0.974 0.87  0.857 0.936 0.923 0.849 0.928 1.    0.961\n",
      "  0.966 0.918 0.988 0.927 0.928 0.919]\n",
      " [0.983 0.985 0.87  0.922 0.904 0.869 1.    0.925 0.999 0.933 0.919 0.974\n",
      "  0.984 1.    0.999 0.957 0.936 0.924 0.975 0.963 0.918 0.919 0.984 0.977\n",
      "  0.978 0.902 1.    0.966 0.971 0.961]\n",
      " [0.977 0.981 0.873 0.935 0.912 0.873 0.999 0.923 1.    0.92  0.933 0.964\n",
      "  0.988 0.999 1.    0.968 0.924 0.922 0.965 0.965 0.915 0.933 0.988 0.983\n",
      "  0.984 0.917 1.    0.968 0.961 0.963]\n",
      " [0.902 0.919 0.857 0.989 0.925 0.863 0.954 0.873 0.965 0.806 0.99  0.87\n",
      "  0.974 0.957 0.968 1.    0.813 0.873 0.872 0.944 0.864 0.987 0.978 0.982\n",
      "  0.986 0.983 0.961 0.948 0.865 0.94 ]\n",
      " [0.947 0.971 0.855 0.775 0.834 0.845 0.938 0.934 0.929 1.    0.767 0.986\n",
      "  0.87  0.936 0.924 0.813 1.    0.933 0.982 0.913 0.932 0.773 0.866 0.885\n",
      "  0.88  0.743 0.929 0.914 0.987 0.916]\n",
      " [0.873 0.971 0.982 0.878 0.963 0.979 0.923 1.    0.927 0.926 0.867 0.917\n",
      "  0.857 0.924 0.922 0.873 0.933 1.    0.908 0.983 1.    0.879 0.859 0.946\n",
      "  0.939 0.853 0.917 0.981 0.914 0.985]\n",
      " [0.99  0.978 0.828 0.823 0.835 0.821 0.977 0.91  0.967 0.982 0.818 1.\n",
      "  0.936 0.975 0.965 0.872 0.982 0.908 1.    0.919 0.904 0.82  0.932 0.917\n",
      "  0.916 0.794 0.971 0.922 1.    0.92 ]\n",
      " [0.907 0.98  0.968 0.946 0.982 0.968 0.961 0.983 0.968 0.906 0.939 0.924\n",
      "  0.923 0.963 0.965 0.944 0.913 0.983 0.919 1.    0.98  0.946 0.926 0.989\n",
      "  0.985 0.928 0.959 1.    0.92  1.   ]\n",
      " [0.866 0.967 0.983 0.871 0.961 0.979 0.916 1.    0.921 0.925 0.86  0.913\n",
      "  0.849 0.918 0.915 0.864 0.932 1.    0.904 0.98  1.    0.872 0.851 0.941\n",
      "  0.933 0.846 0.911 0.978 0.91  0.982]\n",
      " [0.842 0.894 0.889 1.    0.955 0.897 0.915 0.879 0.931 0.764 0.999 0.821\n",
      "  0.928 0.919 0.933 0.987 0.773 0.879 0.82  0.946 0.872 1.    0.934 0.975\n",
      "  0.977 0.998 0.922 0.948 0.814 0.942]\n",
      " [0.965 0.94  0.811 0.938 0.871 0.813 0.983 0.861 0.985 0.863 0.94  0.928\n",
      "  1.    0.984 0.988 0.978 0.866 0.859 0.932 0.926 0.851 0.934 1.    0.964\n",
      "  0.97  0.925 0.987 0.93  0.924 0.922]\n",
      " [0.923 0.969 0.928 0.976 0.968 0.931 0.975 0.947 0.983 0.878 0.973 0.918\n",
      "  0.961 0.977 0.983 0.982 0.885 0.946 0.917 0.989 0.941 0.975 0.964 1.\n",
      "  1.    0.962 0.977 0.991 0.914 0.987]\n",
      " [0.925 0.966 0.919 0.978 0.962 0.922 0.976 0.939 0.984 0.873 0.975 0.917\n",
      "  0.966 0.978 0.984 0.986 0.88  0.939 0.916 0.985 0.933 0.977 0.97  1.\n",
      "  1.    0.965 0.978 0.987 0.912 0.983]\n",
      " [0.822 0.87  0.867 0.998 0.941 0.876 0.897 0.854 0.914 0.734 0.999 0.795\n",
      "  0.918 0.902 0.917 0.983 0.743 0.853 0.794 0.928 0.846 0.998 0.925 0.962\n",
      "  0.965 1.    0.905 0.93  0.788 0.923]\n",
      " [0.983 0.981 0.864 0.924 0.901 0.863 1.    0.918 0.999 0.926 0.923 0.97\n",
      "  0.988 1.    1.    0.961 0.929 0.917 0.971 0.959 0.911 0.922 0.987 0.977\n",
      "  0.978 0.905 1.    0.962 0.967 0.957]\n",
      " [0.91  0.981 0.965 0.948 0.981 0.965 0.964 0.981 0.971 0.906 0.941 0.926\n",
      "  0.927 0.966 0.968 0.948 0.914 0.981 0.922 1.    0.978 0.948 0.93  0.991\n",
      "  0.987 0.93  0.962 1.    0.922 1.   ]\n",
      " [0.986 0.979 0.833 0.817 0.836 0.826 0.973 0.915 0.964 0.987 0.812 1.\n",
      "  0.928 0.971 0.961 0.865 0.987 0.914 1.    0.92  0.91  0.814 0.924 0.914\n",
      "  0.912 0.788 0.967 0.922 1.    0.921]\n",
      " [0.905 0.981 0.97  0.942 0.982 0.97  0.959 0.986 0.966 0.909 0.935 0.925\n",
      "  0.919 0.961 0.963 0.94  0.916 0.985 0.92  1.    0.982 0.942 0.922 0.987\n",
      "  0.983 0.923 0.957 1.    0.921 1.   ]]\n"
     ]
    }
   ],
   "source": [
    "init_params = random_params(num_wires=5, num_layers=2)\n",
    "num_sectors = 3\n",
    "#X, Y = make_double_cake_data(num_sectors)\n",
    "X,Y = checkerboard(30)\n",
    "kernel_value = kernel(X[0], X[1], init_params)\n",
    "print(f\"The kernel value between the first and second datapoint is {kernel_value:.3f}\")\n",
    "\n",
    "init_kernel = lambda x1, x2: kernel(x1, x2, init_params)\n",
    "K_init = qml.kernels.square_kernel_matrix(X, \n",
    "                    init_kernel,\n",
    "                    assume_normalized_kernel=True)\n",
    "\n",
    "with np.printoptions(precision=3, suppress=True):\n",
    "  #  print(K_init)"
   ]
  },
  {
   "cell_type": "code",
   "execution_count": 102,
   "id": "be41347f",
   "metadata": {},
   "outputs": [
    {
     "name": "stdout",
     "output_type": "stream",
     "text": [
      "The accuracy of the kernel with random parameters is 0.533\n"
     ]
    }
   ],
   "source": [
    "from sklearn.svm import SVC\n",
    "svm = SVC(kernel=lambda X1, X2: qml.kernels.kernel_matrix(X1, X2, init_kernel)).fit(X, Y)\n",
    "def accuracy(classifier, X, Y_target):\n",
    "    return 1 - np.count_nonzero(classifier.predict(X) - Y_target) / len(Y_target)\n",
    "accuracy_init = accuracy(svm, X, Y)\n",
    "print(f\"The accuracy of the kernel with random parameters is {accuracy_init:.3f}\")\n",
    "\n"
   ]
  },
  {
   "cell_type": "code",
   "execution_count": 103,
   "id": "e36c6e41",
   "metadata": {
    "scrolled": true
   },
   "outputs": [
    {
     "name": "stdout",
     "output_type": "stream",
     "text": [
      "The kernel-target alignment for our dataset and random parameters is 0.474\n"
     ]
    }
   ],
   "source": [
    "kta_init = qml.kernels.target_alignment(X, Y, init_kernel, assume_normalized_kernel=True)\n",
    "print(f\"The kernel-target alignment for our dataset and random parameters is {kta_init:.3f}\")"
   ]
  },
  {
   "cell_type": "code",
   "execution_count": 104,
   "id": "e42b2a3c",
   "metadata": {},
   "outputs": [
    {
     "name": "stdout",
     "output_type": "stream",
     "text": [
      "Step 10 - Alignment = 0.474\n",
      "Step 20 - Alignment = 0.474\n",
      "Step 30 - Alignment = 0.474\n",
      "Step 40 - Alignment = 0.474\n"
     ]
    },
    {
     "ename": "KeyboardInterrupt",
     "evalue": "",
     "output_type": "error",
     "traceback": [
      "\u001b[0;31m---------------------------------------------------------------------------\u001b[0m",
      "\u001b[0;31mKeyboardInterrupt\u001b[0m                         Traceback (most recent call last)",
      "\u001b[0;32m/tmp/ipykernel_1323336/2160159799.py\u001b[0m in \u001b[0;36m<module>\u001b[0;34m\u001b[0m\n\u001b[1;32m     47\u001b[0m     \u001b[0;31m# Report the alignment on the full dataset every 50 steps.\u001b[0m\u001b[0;34m\u001b[0m\u001b[0;34m\u001b[0m\u001b[0;34m\u001b[0m\u001b[0m\n\u001b[1;32m     48\u001b[0m     \u001b[0;32mif\u001b[0m \u001b[0;34m(\u001b[0m\u001b[0mi\u001b[0m \u001b[0;34m+\u001b[0m \u001b[0;36m1\u001b[0m\u001b[0;34m)\u001b[0m \u001b[0;34m%\u001b[0m \u001b[0;36m10\u001b[0m \u001b[0;34m==\u001b[0m \u001b[0;36m0\u001b[0m\u001b[0;34m:\u001b[0m\u001b[0;34m\u001b[0m\u001b[0;34m\u001b[0m\u001b[0m\n\u001b[0;32m---> 49\u001b[0;31m         current_alignment = target_alignment(\n\u001b[0m\u001b[1;32m     50\u001b[0m             \u001b[0mX\u001b[0m\u001b[0;34m,\u001b[0m\u001b[0;34m\u001b[0m\u001b[0;34m\u001b[0m\u001b[0m\n\u001b[1;32m     51\u001b[0m \u001b[0;34m\u001b[0m\u001b[0m\n",
      "\u001b[0;32m/tmp/ipykernel_1323336/2160159799.py\u001b[0m in \u001b[0;36mtarget_alignment\u001b[0;34m(X, Y, kernel, assume_normalized_kernel, rescale_class_labels)\u001b[0m\n\u001b[1;32m      8\u001b[0m     \u001b[0;34m\"\"\"Kernel-target alignment between kernel and labels.\"\"\"\u001b[0m\u001b[0;34m\u001b[0m\u001b[0;34m\u001b[0m\u001b[0m\n\u001b[1;32m      9\u001b[0m \u001b[0;34m\u001b[0m\u001b[0m\n\u001b[0;32m---> 10\u001b[0;31m     K = qml.kernels.square_kernel_matrix(\n\u001b[0m\u001b[1;32m     11\u001b[0m         \u001b[0mX\u001b[0m\u001b[0;34m,\u001b[0m\u001b[0;34m\u001b[0m\u001b[0;34m\u001b[0m\u001b[0m\n\u001b[1;32m     12\u001b[0m         \u001b[0mkernel\u001b[0m\u001b[0;34m,\u001b[0m\u001b[0;34m\u001b[0m\u001b[0;34m\u001b[0m\u001b[0m\n",
      "\u001b[0;32m~/anaconda3/lib/python3.8/site-packages/pennylane/kernels/utils.py\u001b[0m in \u001b[0;36msquare_kernel_matrix\u001b[0;34m(X, kernel, assume_normalized_kernel)\u001b[0m\n\u001b[1;32m     65\u001b[0m                 \u001b[0mmatrix\u001b[0m\u001b[0;34m[\u001b[0m\u001b[0mN\u001b[0m \u001b[0;34m*\u001b[0m \u001b[0mi\u001b[0m \u001b[0;34m+\u001b[0m \u001b[0mj\u001b[0m\u001b[0;34m]\u001b[0m \u001b[0;34m=\u001b[0m \u001b[0;36m1.0\u001b[0m\u001b[0;34m\u001b[0m\u001b[0;34m\u001b[0m\u001b[0m\n\u001b[1;32m     66\u001b[0m             \u001b[0;32melse\u001b[0m\u001b[0;34m:\u001b[0m\u001b[0;34m\u001b[0m\u001b[0;34m\u001b[0m\u001b[0m\n\u001b[0;32m---> 67\u001b[0;31m                 \u001b[0mmatrix\u001b[0m\u001b[0;34m[\u001b[0m\u001b[0mN\u001b[0m \u001b[0;34m*\u001b[0m \u001b[0mi\u001b[0m \u001b[0;34m+\u001b[0m \u001b[0mj\u001b[0m\u001b[0;34m]\u001b[0m \u001b[0;34m=\u001b[0m \u001b[0mkernel\u001b[0m\u001b[0;34m(\u001b[0m\u001b[0mX\u001b[0m\u001b[0;34m[\u001b[0m\u001b[0mi\u001b[0m\u001b[0;34m]\u001b[0m\u001b[0;34m,\u001b[0m \u001b[0mX\u001b[0m\u001b[0;34m[\u001b[0m\u001b[0mj\u001b[0m\u001b[0;34m]\u001b[0m\u001b[0;34m)\u001b[0m\u001b[0;34m\u001b[0m\u001b[0;34m\u001b[0m\u001b[0m\n\u001b[0m\u001b[1;32m     68\u001b[0m                 \u001b[0mmatrix\u001b[0m\u001b[0;34m[\u001b[0m\u001b[0mN\u001b[0m \u001b[0;34m*\u001b[0m \u001b[0mj\u001b[0m \u001b[0;34m+\u001b[0m \u001b[0mi\u001b[0m\u001b[0;34m]\u001b[0m \u001b[0;34m=\u001b[0m \u001b[0mmatrix\u001b[0m\u001b[0;34m[\u001b[0m\u001b[0mN\u001b[0m \u001b[0;34m*\u001b[0m \u001b[0mi\u001b[0m \u001b[0;34m+\u001b[0m \u001b[0mj\u001b[0m\u001b[0;34m]\u001b[0m\u001b[0;34m\u001b[0m\u001b[0;34m\u001b[0m\u001b[0m\n\u001b[1;32m     69\u001b[0m \u001b[0;34m\u001b[0m\u001b[0m\n",
      "\u001b[0;32m/tmp/ipykernel_1323336/2160159799.py\u001b[0m in \u001b[0;36m<lambda>\u001b[0;34m(x1, x2)\u001b[0m\n\u001b[1;32m     51\u001b[0m \u001b[0;34m\u001b[0m\u001b[0m\n\u001b[1;32m     52\u001b[0m             \u001b[0mY\u001b[0m\u001b[0;34m,\u001b[0m\u001b[0;34m\u001b[0m\u001b[0;34m\u001b[0m\u001b[0m\n\u001b[0;32m---> 53\u001b[0;31m             \u001b[0;32mlambda\u001b[0m \u001b[0mx1\u001b[0m\u001b[0;34m,\u001b[0m \u001b[0mx2\u001b[0m\u001b[0;34m:\u001b[0m \u001b[0mkernel\u001b[0m\u001b[0;34m(\u001b[0m\u001b[0mx1\u001b[0m\u001b[0;34m,\u001b[0m \u001b[0mx2\u001b[0m\u001b[0;34m,\u001b[0m \u001b[0mparams\u001b[0m\u001b[0;34m)\u001b[0m\u001b[0;34m,\u001b[0m\u001b[0;34m\u001b[0m\u001b[0;34m\u001b[0m\u001b[0m\n\u001b[0m\u001b[1;32m     54\u001b[0m             \u001b[0massume_normalized_kernel\u001b[0m\u001b[0;34m=\u001b[0m\u001b[0;32mTrue\u001b[0m\u001b[0;34m,\u001b[0m\u001b[0;34m\u001b[0m\u001b[0;34m\u001b[0m\u001b[0m\n\u001b[1;32m     55\u001b[0m         )\n",
      "\u001b[0;32m/tmp/ipykernel_1323336/2111247920.py\u001b[0m in \u001b[0;36mkernel\u001b[0;34m(x1, x2, params)\u001b[0m\n\u001b[1;32m     35\u001b[0m \u001b[0;34m\u001b[0m\u001b[0m\n\u001b[1;32m     36\u001b[0m \u001b[0;32mdef\u001b[0m \u001b[0mkernel\u001b[0m\u001b[0;34m(\u001b[0m\u001b[0mx1\u001b[0m\u001b[0;34m,\u001b[0m \u001b[0mx2\u001b[0m\u001b[0;34m,\u001b[0m \u001b[0mparams\u001b[0m\u001b[0;34m)\u001b[0m\u001b[0;34m:\u001b[0m\u001b[0;34m\u001b[0m\u001b[0;34m\u001b[0m\u001b[0m\n\u001b[0;32m---> 37\u001b[0;31m     \u001b[0;32mreturn\u001b[0m \u001b[0mkernel_circuit\u001b[0m\u001b[0;34m(\u001b[0m\u001b[0mx1\u001b[0m\u001b[0;34m,\u001b[0m \u001b[0mx2\u001b[0m\u001b[0;34m,\u001b[0m \u001b[0mparams\u001b[0m\u001b[0;34m)\u001b[0m\u001b[0;34m[\u001b[0m\u001b[0;36m0\u001b[0m\u001b[0;34m]\u001b[0m\u001b[0;34m\u001b[0m\u001b[0;34m\u001b[0m\u001b[0m\n\u001b[0m",
      "\u001b[0;32m~/anaconda3/lib/python3.8/site-packages/pennylane/qnode.py\u001b[0m in \u001b[0;36m__call__\u001b[0;34m(self, *args, **kwargs)\u001b[0m\n\u001b[1;32m    697\u001b[0m             \u001b[0mres\u001b[0m \u001b[0;34m=\u001b[0m \u001b[0mfn\u001b[0m\u001b[0;34m(\u001b[0m\u001b[0mresults\u001b[0m\u001b[0;34m)\u001b[0m\u001b[0;34m\u001b[0m\u001b[0;34m\u001b[0m\u001b[0m\n\u001b[1;32m    698\u001b[0m         \u001b[0;32melse\u001b[0m\u001b[0;34m:\u001b[0m\u001b[0;34m\u001b[0m\u001b[0;34m\u001b[0m\u001b[0m\n\u001b[0;32m--> 699\u001b[0;31m             \u001b[0mres\u001b[0m \u001b[0;34m=\u001b[0m \u001b[0mself\u001b[0m\u001b[0;34m.\u001b[0m\u001b[0mqtape\u001b[0m\u001b[0;34m.\u001b[0m\u001b[0mexecute\u001b[0m\u001b[0;34m(\u001b[0m\u001b[0mdevice\u001b[0m\u001b[0;34m=\u001b[0m\u001b[0mself\u001b[0m\u001b[0;34m.\u001b[0m\u001b[0mdevice\u001b[0m\u001b[0;34m)\u001b[0m\u001b[0;34m\u001b[0m\u001b[0;34m\u001b[0m\u001b[0m\n\u001b[0m\u001b[1;32m    700\u001b[0m \u001b[0;34m\u001b[0m\u001b[0m\n\u001b[1;32m    701\u001b[0m         finite_diff = any(\n",
      "\u001b[0;32m~/anaconda3/lib/python3.8/site-packages/pennylane/tape/tape.py\u001b[0m in \u001b[0;36mexecute\u001b[0;34m(self, device, params)\u001b[0m\n\u001b[1;32m   1322\u001b[0m             \u001b[0mparams\u001b[0m \u001b[0;34m=\u001b[0m \u001b[0mself\u001b[0m\u001b[0;34m.\u001b[0m\u001b[0mget_parameters\u001b[0m\u001b[0;34m(\u001b[0m\u001b[0;34m)\u001b[0m\u001b[0;34m\u001b[0m\u001b[0;34m\u001b[0m\u001b[0m\n\u001b[1;32m   1323\u001b[0m \u001b[0;34m\u001b[0m\u001b[0m\n\u001b[0;32m-> 1324\u001b[0;31m         \u001b[0;32mreturn\u001b[0m \u001b[0mself\u001b[0m\u001b[0;34m.\u001b[0m\u001b[0m_execute\u001b[0m\u001b[0;34m(\u001b[0m\u001b[0mparams\u001b[0m\u001b[0;34m,\u001b[0m \u001b[0mdevice\u001b[0m\u001b[0;34m=\u001b[0m\u001b[0mdevice\u001b[0m\u001b[0;34m)\u001b[0m\u001b[0;34m\u001b[0m\u001b[0;34m\u001b[0m\u001b[0m\n\u001b[0m\u001b[1;32m   1325\u001b[0m \u001b[0;34m\u001b[0m\u001b[0m\n\u001b[1;32m   1326\u001b[0m     \u001b[0;32mdef\u001b[0m \u001b[0mexecute_device\u001b[0m\u001b[0;34m(\u001b[0m\u001b[0mself\u001b[0m\u001b[0;34m,\u001b[0m \u001b[0mparams\u001b[0m\u001b[0;34m,\u001b[0m \u001b[0mdevice\u001b[0m\u001b[0;34m)\u001b[0m\u001b[0;34m:\u001b[0m\u001b[0;34m\u001b[0m\u001b[0;34m\u001b[0m\u001b[0m\n",
      "\u001b[0;32m~/anaconda3/lib/python3.8/site-packages/pennylane/tape/tape.py\u001b[0m in \u001b[0;36mexecute_device\u001b[0;34m(self, params, device)\u001b[0m\n\u001b[1;32m   1353\u001b[0m \u001b[0;34m\u001b[0m\u001b[0m\n\u001b[1;32m   1354\u001b[0m         \u001b[0;32mif\u001b[0m \u001b[0misinstance\u001b[0m\u001b[0;34m(\u001b[0m\u001b[0mdevice\u001b[0m\u001b[0;34m,\u001b[0m \u001b[0mqml\u001b[0m\u001b[0;34m.\u001b[0m\u001b[0mQubitDevice\u001b[0m\u001b[0;34m)\u001b[0m\u001b[0;34m:\u001b[0m\u001b[0;34m\u001b[0m\u001b[0;34m\u001b[0m\u001b[0m\n\u001b[0;32m-> 1355\u001b[0;31m             \u001b[0mres\u001b[0m \u001b[0;34m=\u001b[0m \u001b[0mdevice\u001b[0m\u001b[0;34m.\u001b[0m\u001b[0mexecute\u001b[0m\u001b[0;34m(\u001b[0m\u001b[0mself\u001b[0m\u001b[0;34m)\u001b[0m\u001b[0;34m\u001b[0m\u001b[0;34m\u001b[0m\u001b[0m\n\u001b[0m\u001b[1;32m   1356\u001b[0m         \u001b[0;32melse\u001b[0m\u001b[0;34m:\u001b[0m\u001b[0;34m\u001b[0m\u001b[0;34m\u001b[0m\u001b[0m\n\u001b[1;32m   1357\u001b[0m             \u001b[0mres\u001b[0m \u001b[0;34m=\u001b[0m \u001b[0mdevice\u001b[0m\u001b[0;34m.\u001b[0m\u001b[0mexecute\u001b[0m\u001b[0;34m(\u001b[0m\u001b[0mself\u001b[0m\u001b[0;34m.\u001b[0m\u001b[0moperations\u001b[0m\u001b[0;34m,\u001b[0m \u001b[0mself\u001b[0m\u001b[0;34m.\u001b[0m\u001b[0mobservables\u001b[0m\u001b[0;34m,\u001b[0m \u001b[0;34m{\u001b[0m\u001b[0;34m}\u001b[0m\u001b[0;34m)\u001b[0m\u001b[0;34m\u001b[0m\u001b[0;34m\u001b[0m\u001b[0m\n",
      "\u001b[0;32m~/anaconda3/lib/python3.8/site-packages/pennylane/_qubit_device.py\u001b[0m in \u001b[0;36mexecute\u001b[0;34m(self, circuit, **kwargs)\u001b[0m\n\u001b[1;32m    192\u001b[0m \u001b[0;34m\u001b[0m\u001b[0m\n\u001b[1;32m    193\u001b[0m         \u001b[0;31m# apply all circuit operations\u001b[0m\u001b[0;34m\u001b[0m\u001b[0;34m\u001b[0m\u001b[0;34m\u001b[0m\u001b[0m\n\u001b[0;32m--> 194\u001b[0;31m         \u001b[0mself\u001b[0m\u001b[0;34m.\u001b[0m\u001b[0mapply\u001b[0m\u001b[0;34m(\u001b[0m\u001b[0mcircuit\u001b[0m\u001b[0;34m.\u001b[0m\u001b[0moperations\u001b[0m\u001b[0;34m,\u001b[0m \u001b[0mrotations\u001b[0m\u001b[0;34m=\u001b[0m\u001b[0mcircuit\u001b[0m\u001b[0;34m.\u001b[0m\u001b[0mdiagonalizing_gates\u001b[0m\u001b[0;34m,\u001b[0m \u001b[0;34m**\u001b[0m\u001b[0mkwargs\u001b[0m\u001b[0;34m)\u001b[0m\u001b[0;34m\u001b[0m\u001b[0;34m\u001b[0m\u001b[0m\n\u001b[0m\u001b[1;32m    195\u001b[0m \u001b[0;34m\u001b[0m\u001b[0m\n\u001b[1;32m    196\u001b[0m         \u001b[0;31m# generate computational basis samples\u001b[0m\u001b[0;34m\u001b[0m\u001b[0;34m\u001b[0m\u001b[0;34m\u001b[0m\u001b[0m\n",
      "\u001b[0;32m~/anaconda3/lib/python3.8/site-packages/pennylane/devices/default_qubit.py\u001b[0m in \u001b[0;36mapply\u001b[0;34m(self, operations, rotations, **kwargs)\u001b[0m\n\u001b[1;32m    215\u001b[0m                 \u001b[0mself\u001b[0m\u001b[0;34m.\u001b[0m\u001b[0m_apply_basis_state\u001b[0m\u001b[0;34m(\u001b[0m\u001b[0moperation\u001b[0m\u001b[0;34m.\u001b[0m\u001b[0mparameters\u001b[0m\u001b[0;34m[\u001b[0m\u001b[0;36m0\u001b[0m\u001b[0;34m]\u001b[0m\u001b[0;34m,\u001b[0m \u001b[0moperation\u001b[0m\u001b[0;34m.\u001b[0m\u001b[0mwires\u001b[0m\u001b[0;34m)\u001b[0m\u001b[0;34m\u001b[0m\u001b[0;34m\u001b[0m\u001b[0m\n\u001b[1;32m    216\u001b[0m             \u001b[0;32melse\u001b[0m\u001b[0;34m:\u001b[0m\u001b[0;34m\u001b[0m\u001b[0;34m\u001b[0m\u001b[0m\n\u001b[0;32m--> 217\u001b[0;31m                 \u001b[0mself\u001b[0m\u001b[0;34m.\u001b[0m\u001b[0m_state\u001b[0m \u001b[0;34m=\u001b[0m \u001b[0mself\u001b[0m\u001b[0;34m.\u001b[0m\u001b[0m_apply_operation\u001b[0m\u001b[0;34m(\u001b[0m\u001b[0mself\u001b[0m\u001b[0;34m.\u001b[0m\u001b[0m_state\u001b[0m\u001b[0;34m,\u001b[0m \u001b[0moperation\u001b[0m\u001b[0;34m)\u001b[0m\u001b[0;34m\u001b[0m\u001b[0;34m\u001b[0m\u001b[0m\n\u001b[0m\u001b[1;32m    218\u001b[0m \u001b[0;34m\u001b[0m\u001b[0m\n\u001b[1;32m    219\u001b[0m         \u001b[0;31m# store the pre-rotated state\u001b[0m\u001b[0;34m\u001b[0m\u001b[0;34m\u001b[0m\u001b[0;34m\u001b[0m\u001b[0m\n",
      "\u001b[0;32m~/anaconda3/lib/python3.8/site-packages/pennylane/devices/default_qubit.py\u001b[0m in \u001b[0;36m_apply_operation\u001b[0;34m(self, state, operation)\u001b[0m\n\u001b[1;32m    243\u001b[0m \u001b[0;34m\u001b[0m\u001b[0m\n\u001b[1;32m    244\u001b[0m         \u001b[0;32mif\u001b[0m \u001b[0misinstance\u001b[0m\u001b[0;34m(\u001b[0m\u001b[0moperation\u001b[0m\u001b[0;34m,\u001b[0m \u001b[0mDiagonalOperation\u001b[0m\u001b[0;34m)\u001b[0m\u001b[0;34m:\u001b[0m\u001b[0;34m\u001b[0m\u001b[0;34m\u001b[0m\u001b[0m\n\u001b[0;32m--> 245\u001b[0;31m             \u001b[0;32mreturn\u001b[0m \u001b[0mself\u001b[0m\u001b[0;34m.\u001b[0m\u001b[0m_apply_diagonal_unitary\u001b[0m\u001b[0;34m(\u001b[0m\u001b[0mstate\u001b[0m\u001b[0;34m,\u001b[0m \u001b[0mmatrix\u001b[0m\u001b[0;34m,\u001b[0m \u001b[0mwires\u001b[0m\u001b[0;34m)\u001b[0m\u001b[0;34m\u001b[0m\u001b[0;34m\u001b[0m\u001b[0m\n\u001b[0m\u001b[1;32m    246\u001b[0m         \u001b[0;32mif\u001b[0m \u001b[0mlen\u001b[0m\u001b[0;34m(\u001b[0m\u001b[0mwires\u001b[0m\u001b[0;34m)\u001b[0m \u001b[0;34m<=\u001b[0m \u001b[0;36m2\u001b[0m\u001b[0;34m:\u001b[0m\u001b[0;34m\u001b[0m\u001b[0;34m\u001b[0m\u001b[0m\n\u001b[1;32m    247\u001b[0m             \u001b[0;31m# Einsum is faster for small gates\u001b[0m\u001b[0;34m\u001b[0m\u001b[0;34m\u001b[0m\u001b[0;34m\u001b[0m\u001b[0m\n",
      "\u001b[0;32m~/anaconda3/lib/python3.8/site-packages/pennylane/devices/default_qubit.py\u001b[0m in \u001b[0;36m_apply_diagonal_unitary\u001b[0;34m(self, state, phases, wires)\u001b[0m\n\u001b[1;32m    777\u001b[0m \u001b[0;34m\u001b[0m\u001b[0m\n\u001b[1;32m    778\u001b[0m         \u001b[0;31m# reshape vectors\u001b[0m\u001b[0;34m\u001b[0m\u001b[0;34m\u001b[0m\u001b[0;34m\u001b[0m\u001b[0m\n\u001b[0;32m--> 779\u001b[0;31m         \u001b[0mphases\u001b[0m \u001b[0;34m=\u001b[0m \u001b[0mself\u001b[0m\u001b[0;34m.\u001b[0m\u001b[0m_cast\u001b[0m\u001b[0;34m(\u001b[0m\u001b[0mself\u001b[0m\u001b[0;34m.\u001b[0m\u001b[0m_reshape\u001b[0m\u001b[0;34m(\u001b[0m\u001b[0mphases\u001b[0m\u001b[0;34m,\u001b[0m \u001b[0;34m[\u001b[0m\u001b[0;36m2\u001b[0m\u001b[0;34m]\u001b[0m \u001b[0;34m*\u001b[0m \u001b[0mlen\u001b[0m\u001b[0;34m(\u001b[0m\u001b[0mdevice_wires\u001b[0m\u001b[0;34m)\u001b[0m\u001b[0;34m)\u001b[0m\u001b[0;34m,\u001b[0m \u001b[0mdtype\u001b[0m\u001b[0;34m=\u001b[0m\u001b[0mself\u001b[0m\u001b[0;34m.\u001b[0m\u001b[0mC_DTYPE\u001b[0m\u001b[0;34m)\u001b[0m\u001b[0;34m\u001b[0m\u001b[0;34m\u001b[0m\u001b[0m\n\u001b[0m\u001b[1;32m    780\u001b[0m \u001b[0;34m\u001b[0m\u001b[0m\n\u001b[1;32m    781\u001b[0m         \u001b[0mstate_indices\u001b[0m \u001b[0;34m=\u001b[0m \u001b[0mABC\u001b[0m\u001b[0;34m[\u001b[0m\u001b[0;34m:\u001b[0m \u001b[0mself\u001b[0m\u001b[0;34m.\u001b[0m\u001b[0mnum_wires\u001b[0m\u001b[0;34m]\u001b[0m\u001b[0;34m\u001b[0m\u001b[0;34m\u001b[0m\u001b[0m\n",
      "\u001b[0;32m~/anaconda3/lib/python3.8/site-packages/pennylane/numpy/wrapper.py\u001b[0m in \u001b[0;36m_wrapped\u001b[0;34m(*args, **kwargs)\u001b[0m\n\u001b[1;32m     70\u001b[0m                 \u001b[0;31m# NOTE: Use of Python's ``any`` results in an infinite recursion,\u001b[0m\u001b[0;34m\u001b[0m\u001b[0;34m\u001b[0m\u001b[0;34m\u001b[0m\u001b[0m\n\u001b[1;32m     71\u001b[0m                 \u001b[0;31m# and I'm not sure why. Using ``np.any`` works fine.\u001b[0m\u001b[0;34m\u001b[0m\u001b[0;34m\u001b[0m\u001b[0;34m\u001b[0m\u001b[0m\n\u001b[0;32m---> 72\u001b[0;31m                 \u001b[0mtensor_kwargs\u001b[0m\u001b[0;34m[\u001b[0m\u001b[0;34m\"requires_grad\"\u001b[0m\u001b[0;34m]\u001b[0m \u001b[0;34m=\u001b[0m \u001b[0m_np\u001b[0m\u001b[0;34m.\u001b[0m\u001b[0many\u001b[0m\u001b[0;34m(\u001b[0m\u001b[0;34m[\u001b[0m\u001b[0mi\u001b[0m\u001b[0;34m.\u001b[0m\u001b[0mrequires_grad\u001b[0m \u001b[0;32mfor\u001b[0m \u001b[0mi\u001b[0m \u001b[0;32min\u001b[0m \u001b[0mtensor_args\u001b[0m\u001b[0;34m]\u001b[0m\u001b[0;34m)\u001b[0m\u001b[0;34m\u001b[0m\u001b[0;34m\u001b[0m\u001b[0m\n\u001b[0m\u001b[1;32m     73\u001b[0m \u001b[0;34m\u001b[0m\u001b[0m\n\u001b[1;32m     74\u001b[0m         \u001b[0;31m# evaluate the original object\u001b[0m\u001b[0;34m\u001b[0m\u001b[0;34m\u001b[0m\u001b[0;34m\u001b[0m\u001b[0m\n",
      "\u001b[0;32m~/anaconda3/lib/python3.8/site-packages/autograd/tracer.py\u001b[0m in \u001b[0;36mf_wrapped\u001b[0;34m(*args, **kwargs)\u001b[0m\n\u001b[1;32m     46\u001b[0m             \u001b[0;32mreturn\u001b[0m \u001b[0mnew_box\u001b[0m\u001b[0;34m(\u001b[0m\u001b[0mans\u001b[0m\u001b[0;34m,\u001b[0m \u001b[0mtrace\u001b[0m\u001b[0;34m,\u001b[0m \u001b[0mnode\u001b[0m\u001b[0;34m)\u001b[0m\u001b[0;34m\u001b[0m\u001b[0;34m\u001b[0m\u001b[0m\n\u001b[1;32m     47\u001b[0m         \u001b[0;32melse\u001b[0m\u001b[0;34m:\u001b[0m\u001b[0;34m\u001b[0m\u001b[0;34m\u001b[0m\u001b[0m\n\u001b[0;32m---> 48\u001b[0;31m             \u001b[0;32mreturn\u001b[0m \u001b[0mf_raw\u001b[0m\u001b[0;34m(\u001b[0m\u001b[0;34m*\u001b[0m\u001b[0margs\u001b[0m\u001b[0;34m,\u001b[0m \u001b[0;34m**\u001b[0m\u001b[0mkwargs\u001b[0m\u001b[0;34m)\u001b[0m\u001b[0;34m\u001b[0m\u001b[0;34m\u001b[0m\u001b[0m\n\u001b[0m\u001b[1;32m     49\u001b[0m     \u001b[0mf_wrapped\u001b[0m\u001b[0;34m.\u001b[0m\u001b[0mfun\u001b[0m \u001b[0;34m=\u001b[0m \u001b[0mf_raw\u001b[0m\u001b[0;34m\u001b[0m\u001b[0;34m\u001b[0m\u001b[0m\n\u001b[1;32m     50\u001b[0m     \u001b[0mf_wrapped\u001b[0m\u001b[0;34m.\u001b[0m\u001b[0m_is_autograd_primitive\u001b[0m \u001b[0;34m=\u001b[0m \u001b[0;32mTrue\u001b[0m\u001b[0;34m\u001b[0m\u001b[0;34m\u001b[0m\u001b[0m\n",
      "\u001b[0;32m<__array_function__ internals>\u001b[0m in \u001b[0;36many\u001b[0;34m(*args, **kwargs)\u001b[0m\n",
      "\u001b[0;32m~/anaconda3/lib/python3.8/site-packages/numpy/core/fromnumeric.py\u001b[0m in \u001b[0;36many\u001b[0;34m(a, axis, out, keepdims, where)\u001b[0m\n\u001b[1;32m   2344\u001b[0m \u001b[0;34m\u001b[0m\u001b[0m\n\u001b[1;32m   2345\u001b[0m     \"\"\"\n\u001b[0;32m-> 2346\u001b[0;31m     return _wrapreduction(a, np.logical_or, 'any', axis, None, out,\n\u001b[0m\u001b[1;32m   2347\u001b[0m                           keepdims=keepdims, where=where)\n\u001b[1;32m   2348\u001b[0m \u001b[0;34m\u001b[0m\u001b[0m\n",
      "\u001b[0;32m~/anaconda3/lib/python3.8/site-packages/numpy/core/fromnumeric.py\u001b[0m in \u001b[0;36m_wrapreduction\u001b[0;34m(obj, ufunc, method, axis, dtype, out, **kwargs)\u001b[0m\n\u001b[1;32m     85\u001b[0m                 \u001b[0;32mreturn\u001b[0m \u001b[0mreduction\u001b[0m\u001b[0;34m(\u001b[0m\u001b[0maxis\u001b[0m\u001b[0;34m=\u001b[0m\u001b[0maxis\u001b[0m\u001b[0;34m,\u001b[0m \u001b[0mout\u001b[0m\u001b[0;34m=\u001b[0m\u001b[0mout\u001b[0m\u001b[0;34m,\u001b[0m \u001b[0;34m**\u001b[0m\u001b[0mpasskwargs\u001b[0m\u001b[0;34m)\u001b[0m\u001b[0;34m\u001b[0m\u001b[0;34m\u001b[0m\u001b[0m\n\u001b[1;32m     86\u001b[0m \u001b[0;34m\u001b[0m\u001b[0m\n\u001b[0;32m---> 87\u001b[0;31m     \u001b[0;32mreturn\u001b[0m \u001b[0mufunc\u001b[0m\u001b[0;34m.\u001b[0m\u001b[0mreduce\u001b[0m\u001b[0;34m(\u001b[0m\u001b[0mobj\u001b[0m\u001b[0;34m,\u001b[0m \u001b[0maxis\u001b[0m\u001b[0;34m,\u001b[0m \u001b[0mdtype\u001b[0m\u001b[0;34m,\u001b[0m \u001b[0mout\u001b[0m\u001b[0;34m,\u001b[0m \u001b[0;34m**\u001b[0m\u001b[0mpasskwargs\u001b[0m\u001b[0;34m)\u001b[0m\u001b[0;34m\u001b[0m\u001b[0;34m\u001b[0m\u001b[0m\n\u001b[0m\u001b[1;32m     88\u001b[0m \u001b[0;34m\u001b[0m\u001b[0m\n\u001b[1;32m     89\u001b[0m \u001b[0;34m\u001b[0m\u001b[0m\n",
      "\u001b[0;31mKeyboardInterrupt\u001b[0m: "
     ]
    }
   ],
   "source": [
    "def target_alignment(\n",
    "    X,\n",
    "    Y,\n",
    "    kernel,\n",
    "    assume_normalized_kernel=False,\n",
    "    rescale_class_labels=True,\n",
    "):\n",
    "    \"\"\"Kernel-target alignment between kernel and labels.\"\"\"\n",
    "\n",
    "    K = qml.kernels.square_kernel_matrix(\n",
    "        X,\n",
    "        kernel,\n",
    "        assume_normalized_kernel=assume_normalized_kernel,\n",
    "    )\n",
    "\n",
    "    if rescale_class_labels:\n",
    "        nplus = np.count_nonzero(np.array(Y) == 1)\n",
    "        nminus = len(Y) - nplus\n",
    "        _Y = np.array([y / nplus if y == 1 else y / nminus for y in Y])\n",
    "    else:\n",
    "        _Y = np.array(Y)\n",
    "\n",
    "    T = np.outer(_Y, _Y)\n",
    "    inner_product = np.sum(K * T)\n",
    "    norm = np.sqrt(np.sum(K * K) * np.sum(T * T))\n",
    "    inner_product = inner_product / norm\n",
    "\n",
    "    return inner_product\n",
    "\n",
    "\n",
    "params = init_params\n",
    "opt = qml.GradientDescentOptimizer(0.2)\n",
    "\n",
    "for i in range(300):\n",
    "    # Choose subset of datapoints to compute the KTA on.\n",
    "    subset = np.random.choice(list(range(len(X))), 7)\n",
    "    # Define the cost function for optimization\n",
    "    cost = lambda _params: -target_alignment(\n",
    "        X[subset],\n",
    "        Y[subset],\n",
    "        lambda x1, x2: kernel(x1, x2, _params),\n",
    "        assume_normalized_kernel=True,\n",
    "    )\n",
    "    # Optimization step\n",
    "    params = opt.step(cost, params)\n",
    "\n",
    "    # Report the alignment on the full dataset every 50 steps.\n",
    "    if (i + 1) % 10 == 0:\n",
    "        current_alignment = target_alignment(\n",
    "            X,\n",
    "            \n",
    "            Y,\n",
    "            lambda x1, x2: kernel(x1, x2, params),\n",
    "            assume_normalized_kernel=True,\n",
    "        )\n",
    "        print(f\"Step {i+1} - Alignment = {current_alignment:.3f}\")"
   ]
  },
  {
   "cell_type": "code",
   "execution_count": 105,
   "id": "fa96690d",
   "metadata": {},
   "outputs": [
    {
     "name": "stdout",
     "output_type": "stream",
     "text": [
      "The kernel-target alignment for our dataset and random parameters is 0.474\n",
      "The accuracy of the kernel with random parameters is 0.533\n"
     ]
    }
   ],
   "source": [
    "final_kernel = lambda x1, x2: kernel(x1, x2, params)\n",
    "K_init = qml.kernels.square_kernel_matrix(X, \n",
    "                    final_kernel,\n",
    "                    assume_normalized_kernel=True)\n",
    "kta_init = qml.kernels.target_alignment(X, Y, final_kernel, assume_normalized_kernel=True)\n",
    "print(f\"The kernel-target alignment for our dataset and random parameters is {kta_init:.3f}\")\n",
    "\n",
    "\n",
    "svm = SVC(kernel=lambda X1, X2: qml.kernels.kernel_matrix(X1, X2, final_kernel)).fit(X, Y)\n",
    "def accuracy(classifier, X, Y_target):\n",
    "    return 1 - np.count_nonzero(classifier.predict(X) - Y_target) / len(Y_target)\n",
    "accuracy_init = accuracy(svm, X, Y)\n",
    "print(f\"The accuracy of the kernel with random parameters is {accuracy_init:.3f}\")"
   ]
  },
  {
   "cell_type": "code",
   "execution_count": 74,
   "id": "d731c954",
   "metadata": {},
   "outputs": [
    {
     "name": "stdout",
     "output_type": "stream",
     "text": [
      "[[0.81352422 0.91499328 0.36493956]\n",
      " [0.39432764 0.81886243 0.74041427]]\n",
      "Step 1 - Alignment = 0.554\n",
      "[[0.81317153 0.9150845  0.36417286]\n",
      " [0.39405961 0.81888505 0.74000122]]\n",
      "Step 2 - Alignment = 0.554\n",
      "[[0.81290009 0.91494969 0.36372661]\n",
      " [0.39382946 0.81884322 0.73974206]]\n",
      "Step 3 - Alignment = 0.554\n",
      "[[0.81269241 0.91479167 0.36342998]\n",
      " [0.39365197 0.81878929 0.73957472]]\n",
      "Step 4 - Alignment = 0.554\n",
      "[[0.81248095 0.91491639 0.36292261]\n",
      " [0.39348975 0.81882759 0.73930702]]\n",
      "Step 5 - Alignment = 0.554\n",
      "[[0.81212199 0.91491743 0.36221642]\n",
      " [0.39325676 0.81879371 0.73893257]]\n",
      "Step 6 - Alignment = 0.554\n",
      "[[0.81208436 0.91486126 0.36218094]\n",
      " [0.39323834 0.81876546 0.73891023]]\n",
      "Step 7 - Alignment = 0.554\n",
      "[[0.81223436 0.91483569 0.36247944]\n",
      " [0.39331304 0.81876994 0.73907348]]\n",
      "Step 8 - Alignment = 0.554\n",
      "[[0.81224921 0.91484035 0.3625024 ]\n",
      " [0.39332513 0.81877239 0.73908466]]\n",
      "Step 9 - Alignment = 0.554\n",
      "[[0.81224419 0.91492734 0.36244694]\n",
      " [0.39334467 0.8188019  0.73905697]]\n",
      "Step 10 - Alignment = 0.554\n",
      "[[0.81207914 0.9149278  0.36212833]\n",
      " [0.39323826 0.81878701 0.738886  ]]\n",
      "Step 11 - Alignment = 0.554\n",
      "[[0.81209581 0.91492387 0.36215954]\n",
      " [0.39324749 0.81878697 0.73890203]]\n",
      "Step 12 - Alignment = 0.554\n",
      "[[0.81191158 0.9147678  0.36191103]\n",
      " [0.39308269 0.81873821 0.73875709]]\n",
      "Step 13 - Alignment = 0.554\n",
      "[[0.81198534 0.91475525 0.36206352]\n",
      " [0.39313039 0.81873796 0.73883923]]\n",
      "Step 14 - Alignment = 0.554\n",
      "[[0.81173294 0.91482863 0.36154779]\n",
      " [0.39297117 0.81874395 0.73857722]]\n",
      "Step 15 - Alignment = 0.554\n",
      "[[0.81156928 0.91483886 0.36122647]\n",
      " [0.39286171 0.81873364 0.73840632]]\n",
      "Step 16 - Alignment = 0.554\n",
      "[[0.81168945 0.91473685 0.36154247]\n",
      " [0.39290752 0.81872721 0.73857072]]\n"
     ]
    },
    {
     "ename": "KeyboardInterrupt",
     "evalue": "",
     "output_type": "error",
     "traceback": [
      "\u001b[0;31m---------------------------------------------------------------------------\u001b[0m",
      "\u001b[0;31mKeyboardInterrupt\u001b[0m                         Traceback (most recent call last)",
      "\u001b[0;32m/tmp/ipykernel_1323336/415012173.py\u001b[0m in \u001b[0;36m<module>\u001b[0;34m\u001b[0m\n\u001b[1;32m     21\u001b[0m     \u001b[0;31m# Report the alignment on the full dataset every 50 steps.\u001b[0m\u001b[0;34m\u001b[0m\u001b[0;34m\u001b[0m\u001b[0;34m\u001b[0m\u001b[0m\n\u001b[1;32m     22\u001b[0m     \u001b[0;32mif\u001b[0m \u001b[0;34m(\u001b[0m\u001b[0mi\u001b[0m \u001b[0;34m+\u001b[0m \u001b[0;36m1\u001b[0m\u001b[0;34m)\u001b[0m \u001b[0;34m%\u001b[0m \u001b[0;36m1\u001b[0m \u001b[0;34m==\u001b[0m \u001b[0;36m0\u001b[0m\u001b[0;34m:\u001b[0m\u001b[0;34m\u001b[0m\u001b[0;34m\u001b[0m\u001b[0m\n\u001b[0;32m---> 23\u001b[0;31m         current_alignment = target_alignment(\n\u001b[0m\u001b[1;32m     24\u001b[0m             \u001b[0mX\u001b[0m\u001b[0;34m,\u001b[0m\u001b[0;34m\u001b[0m\u001b[0;34m\u001b[0m\u001b[0m\n\u001b[1;32m     25\u001b[0m             \u001b[0mY\u001b[0m\u001b[0;34m,\u001b[0m\u001b[0;34m\u001b[0m\u001b[0;34m\u001b[0m\u001b[0m\n",
